9 0.0827616050354052 0.06526290630975143 0.05243115656963021 0.027452198852772468
10 0.8490952006294257 0.0657887189292543 0.07041699449252557 0.02851338432122371
12 0.4681667977970102 0.06620936902485659 0.43144767899291897 0.02689770554493308
6 0.47273800157356416 0.16778202676864246 0.8283398898505113 0.15152007648183557
4 0.47663257277734067 0.33068833652007645 0.7876553894571204 0.1705736137667304
3 0.4635719905586153 0.43013384321223713 0.09911880409126672 0.01609942638623327
3 0.7674586939417781 0.6247131931166349 0.08891424075531078 0.019976099426386233
4 0.7546420141620771 0.5277820267686424 0.24099921321793863 0.16722753346080305
6 0.34777340676632573 0.5363623326959847 0.5743666404405979 0.20156309751434034
7 0.4732336742722266 0.7819120458891013 0.8414555468135326 0.26076003824091776
11 0.2522738001573564 0.9259082217973231 0.33490952006294256 0.021147227533460804
11 0.7317545239968528 0.9212667304015296 0.033650668764752166 0.01759082217973231