10 0.14523996852871754 0.055 0.07798583792289536 0.02931166347992352
9 0.9025963808025177 0.05207456978967495 0.06389457120377655 0.028838432122370937
12 0.5196538158929976 0.05377151051625239 0.5051219512195122 0.02685946462715105
4 0.39025963808025177 0.1851816443594646 0.3850275373721479 0.2143642447418738
3 0.38195121951219513 0.3026768642447419 0.09985837922895358 0.02043977055449331
3 0.755381589299764 0.3012762906309751 0.08230527143981117 0.014278202676864245
3 0.2861447678992919 0.4656644359464627 0.09121164437450827 0.02581261950286807
3 0.7174036191974823 0.4654349904397706 0.09783634933123524 0.02356118546845124
4 0.7520535011801731 0.1843642447418738 0.22026750590086544 0.20735181644359463
4 0.28385523210070807 0.3916682600382409 0.32273800157356414 0.1324378585086042
4 0.7242407553107789 0.3958030592734226 0.4096066089693155 0.1227772466539197
6 0.515837922895358 0.5988671128107074 0.86639653815893 0.2276625239005736
7 0.5204563335955941 0.824746653919694 0.8579228953579859 0.19348948374760994