12 0.48614285714285715 0.05467339667458432 0.3326890756302521 0.029156769596199526
10 0.7419033613445377 0.05496437054631829 0.0601764705882353 0.032173396674584326
6 0.4852857142857143 0.1561015439429929 0.5785546218487395 0.12271377672209026
6 0.48571008403361343 0.35049287410926366 0.5862941176470589 0.16644893111638956
6 0.4814159663865546 0.4692606888361045 0.598327731092437 0.07836698337292161
6 0.4822773109243697 0.5518794536817102 0.6000504201680672 0.0905166270783848
1 0.48829411764705877 0.08411817102137767 0.326672268907563 0.029768408551068885
1 0.47926890756302526 0.24358076009501187 0.3258151260504202 0.04495249406175772
1 0.4758235294117647 0.6144477434679335 0.3326890756302521 0.04799287410926365
6 0.48743697478991593 0.6709679334916865 0.5828571428571429 0.07350356294536817
7 0.4238151260504202 0.7235154394299287 0.40060504201680674 0.03280285035629454