9 0.11335920177383592 0.03261289077576225 0.06929046563192905 0.01659590891547665
12 0.48697339246119736 0.032033963720571206 0.35199556541019955 0.015438054805094558
10 0.895509977827051 0.036665380162099574 0.05709534368070954 0.020069471246622925
6 0.708980044345898 0.1607487456580471 0.4090909090909091 0.23195677344654572
1 0.4950110864745011 0.3417599382477808 0.8181818181818182 0.09224237746043998
6 0.4523281596452328 0.2805866460825936 0.08314855875831485 0
6 0.5263303769401331 0.28193747587803936 0.054878048780487805 0.002701659590891548
6 0.2791019955654102 0.16016981860285603 0.41851441241685144 0.23157082207641838
0 0.4933481152993348 0.4529139328444616 0.8470066518847007 0.09069857197993053
6 0.7125831485587583 0.722693940563489 0.4074279379157428 0.42416055576997297
6 0.2804878048780488 0.722115013508298 0.4212860310421286 0.4230027016595909