10 0.11138750690989498 0.041811175337186895 0.056937534549474846 0.017341040462427744
6 0.4839690436705362 0.7107899807321773 0.2603648424543947 0.02119460500963391
6 0.7133775566611388 0.9202312138728324 0.4129353233830846 0.04238921001926782
6 0.49391929242675514 0.7377649325626204 0.4306246545052515 0.019653179190751446
6 0.49972360420121614 0.7778420038535645 0.8402432283029297 0.037379576107899805
12 0.4947484798231067 0.041811175337186895 0.3106688778330569 0.017341040462427744
6 0.7150359314538419 0.37283236994219654 0.41625207296849087 0.6254335260115607
9 0.9098949695964621 0.04277456647398844 0.04201216141514649 0.023892100192678227
6 0.2885572139303483 0.37283236994219654 0.417910447761194 0.6254335260115607
6 0.49972360420121614 0.8508670520231214 0.8402432283029297 0.08631984585741811
6 0.28745163073521285 0.9202312138728324 0.41569928137092316 0.04238921001926782