6 0.0002771618625277162 0.18680046314164414 0.0005543237250554324 0.0007719027402547279
6 0.03436807095343681 0.24064067927441143 0.012195121951219513 0.01968351987649556
6 0.25 0.05403319181783095 0.0022172949002217295 0.0015438054805094559
6 0.41990022172949004 0.5962948668467773 0.006097560975609756 0.0015438054805094559
6 0.4584257206208426 0.11289077576225395 0.8658536585365854 0.2257815515245079
6 0.4634146341463415 0.5596294866846777 0.36585365853658536 0.061752219220378234
6 0.21480044345898006 0.7850250868390583 0.1369179600886918 0.09031262060980316
6 0.4603658536585366 0.8884600540331918 0.26995565410199557 0.07487456580470861
6 0.46147450110864746 0.6729062138170591 0.552660753880266 0.052875337707448865
6 0.48059866962305986 0.5984175993824778 0.012195121951219513 0.0019297568506368198
6 0.9634146341463414 0.6250482439212659 0.0022172949002217295 0.0019297568506368198
6 0.4611973392461197 0.36395214203010423 0.5210643015521065 0.25318409880355075